  single point
       alpha_t    5.6802646999999998E-03     1.000000         0.000000    
        bmuni1     0.000000000000000         1.000000         0.000000    
        bmuni2     0.000000000000000         1.000000         0.000000    
        bmuni3     0.000000000000000         1.000000         0.000000    
        bmuni4     0.000000000000000         1.000000         0.000000    
        bmuni5     0.000000000000000         1.000000         0.000000    
        bmuni6     0.000000000000000         1.000000         0.000000    
        bmuni7     0.000000000000000         1.000000         0.000000    
        bmuni8     0.000000000000000         1.000000         0.000000    
        bmuni9     0.000000000000000         1.000000         0.000000    
        hk1000    2.5604669000000002E-04     1.000000         0.000000    
        hk1001    2.5604669000000002E-04     1.000000         0.000000    
        hk1002    2.5604669000000002E-04     1.000000         0.000000    
        hk1003    2.5604669000000002E-04     1.000000         0.000000    
        hk1004    2.5604669000000002E-04     1.000000         0.000000    
        hk1005    2.5604669000000002E-04     1.000000         0.000000    
        hk1006    2.5604669000000002E-04     1.000000         0.000000    
        hk1007    2.5604669000000002E-04     1.000000         0.000000    
        hk1008    2.5604669000000002E-04     1.000000         0.000000    
        hk1009    2.5604669000000002E-04     1.000000         0.000000    
        hk1010    2.5604669000000002E-04     1.000000         0.000000    
        hk1011    2.5604669000000002E-04     1.000000         0.000000    
        hk1012    2.5604669000000002E-04     1.000000         0.000000    
        hk1013    2.5604669000000002E-04     1.000000         0.000000    
        hk1014    2.5604669000000002E-04     1.000000         0.000000    
        hk1015    2.5604669000000002E-04     1.000000         0.000000    
        hk1016    2.5604669000000002E-04     1.000000         0.000000    
        hk1017    2.5604669000000002E-04     1.000000         0.000000    
        hk1018    2.5604669000000002E-04     1.000000         0.000000    
        hk1019    2.5604669000000002E-04     1.000000         0.000000    
        hk1020    2.5604669000000002E-04     1.000000         0.000000    
        hk1021    2.5604669000000002E-04     1.000000         0.000000    
        hk1022    2.5604669000000002E-04     1.000000         0.000000    
        hk1023    2.5604669000000002E-04     1.000000         0.000000    
        hk1024    2.5604669000000002E-04     1.000000         0.000000    
        hk1025    2.5604669000000002E-04     1.000000         0.000000    
        hk1026    2.5604669000000002E-04     1.000000         0.000000    
        hk1027    2.5604669000000002E-04     1.000000         0.000000    
        hk1028    2.5604669000000002E-04     1.000000         0.000000    
        hk1029    1.7431491000000001E-04     1.000000         0.000000    
        hk1030    1.6735468000000000E-04     1.000000         0.000000    
        hk1031    1.9655418000000000E-04     1.000000         0.000000    
        hk1032    2.5604669000000002E-04     1.000000         0.000000    
        hk1033    2.5604669000000002E-04     1.000000         0.000000    
        hk1034    2.5604669000000002E-04     1.000000         0.000000    
        hk1035    2.5604669000000002E-04     1.000000         0.000000    
        hk1036    2.5604669000000002E-04     1.000000         0.000000    
        hk1037    2.5604669000000002E-04     1.000000         0.000000    
        hk1038    2.5604669000000002E-04     1.000000         0.000000    
        hk1039    2.5604669000000002E-04     1.000000         0.000000    
        hk1040    2.5604669000000002E-04     1.000000         0.000000    
        hk1041    2.4091798000000001E-04     1.000000         0.000000    
        hk1042    2.0622357999999999E-04     1.000000         0.000000    
        hk1043    1.9136627999999999E-04     1.000000         0.000000    
        hk1044    1.7538636999999999E-04     1.000000         0.000000    
        hk1045    1.7854880999999999E-04     1.000000         0.000000    
        hk1046    2.5604669000000002E-04     1.000000         0.000000    
        hk1047    2.5604669000000002E-04     1.000000         0.000000    
        hk1048    2.5604669000000002E-04     1.000000         0.000000    
        hk1049    2.5604669000000002E-04     1.000000         0.000000    
        hk1050    2.5604669000000002E-04     1.000000         0.000000    
        hk1051    2.5604669000000002E-04     1.000000         0.000000    
        hk1052    2.5604669000000002E-04     1.000000         0.000000    
        hk1053    2.5604669000000002E-04     1.000000         0.000000    
        hk1054    2.5604669000000002E-04     1.000000         0.000000    
        hk1055    2.5604669000000002E-04     1.000000         0.000000    
        hk1056    2.5604669000000002E-04     1.000000         0.000000    
        hk1057    2.5604669000000002E-04     1.000000         0.000000    
        hk1058    1.6225522000000000E-04     1.000000         0.000000    
        hk1059    1.7195034999999999E-04     1.000000         0.000000    
        hk1060    1.8523385000000000E-04     1.000000         0.000000    
        hk1061    1.7429424000000001E-04     1.000000         0.000000    
        hk1062    1.8467460000000000E-04     1.000000         0.000000    
        hk1063    1.8680743999999999E-04     1.000000         0.000000    
        hk1064    1.6341346000000001E-04     1.000000         0.000000    
        hk1065    2.5604669000000002E-04     1.000000         0.000000    
        hk1066    2.5604669000000002E-04     1.000000         0.000000    
        hk1067    2.5604669000000002E-04     1.000000         0.000000    
        hk1068    2.5604669000000002E-04     1.000000         0.000000    
        hk1069    2.5604669000000002E-04     1.000000         0.000000    
        hk1070    2.5604669000000002E-04     1.000000         0.000000    
        hk1071    2.5604669000000002E-04     1.000000         0.000000    
        hk1072    2.5604669000000002E-04     1.000000         0.000000    
        hk1073    2.5604669000000002E-04     1.000000         0.000000    
        hk1074    2.5604669000000002E-04     1.000000         0.000000    
        hk1075    2.5604669000000002E-04     1.000000         0.000000    
        hk1076    2.4470167999999999E-04     1.000000         0.000000    
        hk1077    3.4836155999999998E-04     1.000000         0.000000    
        hk1078    1.6608410000000000E-04     1.000000         0.000000    
        hk1079    1.6513340000000001E-04     1.000000         0.000000    
        hk1080    2.0623397000000000E-04     1.000000         0.000000    
        hk1081    1.8685178000000000E-04     1.000000         0.000000    
        hk1082    2.5604669000000002E-04     1.000000         0.000000    
        hk1083    2.5604669000000002E-04     1.000000         0.000000    
        hk1084    2.5604669000000002E-04     1.000000         0.000000    
        hk1085    2.5604669000000002E-04     1.000000         0.000000    
        hk1086    2.5604669000000002E-04     1.000000         0.000000    
        hk1087    2.5604669000000002E-04     1.000000         0.000000    
        hk1088    2.5604669000000002E-04     1.000000         0.000000    
        hk1089    2.5604669000000002E-04     1.000000         0.000000    
        hk1090    2.5604669000000002E-04     1.000000         0.000000    
        hk1091    2.5604669000000002E-04     1.000000         0.000000    
        hk1092    2.5604669000000002E-04     1.000000         0.000000    
        hk1093    1.9124929000000000E-04     1.000000         0.000000    
        hk1094    1.1802224000000001E-04     1.000000         0.000000    
        hk1095    1.7249533999999999E-04     1.000000         0.000000    
        hk1096    2.3708687999999999E-04     1.000000         0.000000    
        hk1097    1.4943323999999999E-04     1.000000         0.000000    
        hk1098    1.3295508000000001E-04     1.000000         0.000000    
        hk1099    1.3940219000000000E-04     1.000000         0.000000    
        hk1100    1.6445853000000000E-04     1.000000         0.000000    
        hk1101    2.5604669000000002E-04     1.000000         0.000000    
        hk1102    2.5604669000000002E-04     1.000000         0.000000    
        hk1103    2.5604669000000002E-04     1.000000         0.000000    
        hk1104    2.5604669000000002E-04     1.000000         0.000000    
        hk1105    2.5604669000000002E-04     1.000000         0.000000    
        hk1106    2.5604669000000002E-04     1.000000         0.000000    
        hk1107    3.1029632000000002E-04     1.000000         0.000000    
        hk1108    3.0640862000000000E-04     1.000000         0.000000    
        hk1109    1.2302341000000001E-04     1.000000         0.000000    
        hk1110    1.1097805000000000E-04     1.000000         0.000000    
        hk1111    6.9564851999999997E-05     1.000000         0.000000    
        hk1112    6.0302361000000001E-05     1.000000         0.000000    
        hk1113    1.2247802999999999E-04     1.000000         0.000000    
        hk1114    1.2296390999999999E-04     1.000000         0.000000    
        hk1115    2.5604669000000002E-04     1.000000         0.000000    
        hk1116    2.5604669000000002E-04     1.000000         0.000000    
        hk1117    2.5604669000000002E-04     1.000000         0.000000    
        hk1118    2.5604669000000002E-04     1.000000         0.000000    
        hk1119    2.0390921000000000E-04     1.000000         0.000000    
        hk1120    1.3257656000000001E-04     1.000000         0.000000    
        hk1121    1.0150545000000000E-04     1.000000         0.000000    
        hk1122    1.4279627000000000E-04     1.000000         0.000000    
        hk1123    2.7910588000000001E-05     1.000000         0.000000    
        hk1124    3.3595917999999997E-05     1.000000         0.000000    
        hk1125    2.5604669000000002E-04     1.000000         0.000000    
        hk1126    2.5604669000000002E-04     1.000000         0.000000    
        hk1127    2.5604669000000002E-04     1.000000         0.000000    
        hk1128    2.5604669000000002E-04     1.000000         0.000000    
        hk1129    2.5604669000000002E-04     1.000000         0.000000    
        hk1130    1.1671941000000001E-04     1.000000         0.000000    
        hk1131    1.9142367999999999E-04     1.000000         0.000000    
        hk1132    2.6045999000000000E-04     1.000000         0.000000    
        hk1133    9.9909585000000002E-05     1.000000         0.000000    
        hk1134    6.2789596999999998E-05     1.000000         0.000000    
        hk1135    3.9333535999999997E-05     1.000000         0.000000    
        hk1136    2.5604669000000002E-04     1.000000         0.000000    
        hk1137    2.5604669000000002E-04     1.000000         0.000000    
        hk1138    2.5604669000000002E-04     1.000000         0.000000    
        hk1139    2.5604669000000002E-04     1.000000         0.000000    
        hk1140    2.5604669000000002E-04     1.000000         0.000000    
        hk1141    2.5604669000000002E-04     1.000000         0.000000    
        hk1142    2.5604669000000002E-04     1.000000         0.000000    
        hk1143    1.1259914999999999E-04     1.000000         0.000000    
        hk1144    8.8062478999999995E-05     1.000000         0.000000    
        hk1145    7.9173328000000000E-05     1.000000         0.000000    
        hk1146    2.5604669000000002E-04     1.000000         0.000000    
        hk1147    2.5604669000000002E-04     1.000000         0.000000    
        hk1148    2.5604669000000002E-04     1.000000         0.000000    
        hk1149    2.5604669000000002E-04     1.000000         0.000000    
        hk1150    2.5604669000000002E-04     1.000000         0.000000    
        hk1151    2.5604669000000002E-04     1.000000         0.000000    
        hk1152    2.5604669000000002E-04     1.000000         0.000000    
        hk1153    2.5604669000000002E-04     1.000000         0.000000    
        hk1154    2.5604669000000002E-04     1.000000         0.000000    
        hk1155    2.5604669000000002E-04     1.000000         0.000000    
        hk1156    2.5604669000000002E-04     1.000000         0.000000    
        hk1157    2.5604669000000002E-04     1.000000         0.000000    
        hk1158    2.5604669000000002E-04     1.000000         0.000000    
        hk1159    2.5604669000000002E-04     1.000000         0.000000    
        hk1160    2.5604669000000002E-04     1.000000         0.000000    
      hk_dunes    5.0000000000000001E-04     1.000000         0.000000    
     hk_seabed    9.4086663000000004E-06     1.000000         0.000000    
     hk_valley    1.0000000000000000E-04     1.000000         0.000000    
            ne    0.3000000000000000         1.000000         0.000000    
     rech_mmyr     547.0786000000001         1.000000         0.000000    
          slvl    1.4000000000000000E-02     1.000000         0.000000    
            ss    1.0000000000000001E-05     1.000000         0.000000    
            sy    0.1500000000000000         1.000000         0.000000    
